5941
8
183257600
314707500
0 1 1 129 688 4  (D 0,1,1) (S 86,11,48) (S 19,48,48) (D 0,1,1)
0 1 2 128 576 5  (D 0,1,1) (S 70,33,36) (S 69,32,35) (S 76,35,41) (D 0,1,1)
0 1 3 126 574 6  (D 0,1,1) (S 78,41,42) (S 108,62,66) (S 109,66,68) (S 16,68,68) (D 0,1,1)
0 1 4 128 880 7  (D 0,1,1) (S 105,62,63) (S 107,63,65) (S 2,65,65) (S 106,63,64) (S 24,9,9) (D 0,1,1)
0 1 5 130 1035 7  (D 0,1,1) (S 99,57,58) (S 111,59,69) (S 18,57,57) (S 51,18,20) (S 91,51,53) (D 0,1,1)
0 1 6 127 425 7  (D 0,1,1) (S 97,42,56) (S 119,56,67) (S 96,55,56) (S 14,56,56) (S 79,42,43) (D 0,1,1)
0 1 7 130 938 7  (D 0,1,1) (S 100,58,59) (S 17,59,59) (S 25,44,44) (S 1,41,41) (S 122,20,76) (D 0,1,1)
0 1 8 129 825 7  (D 0,1,1) (S 81,44,45) (S 11,45,45) (S 82,45,46) (S 30,46,46) (S 47,15,17) (D 0,1,1)
