15595
6
145850000
190547500
0 1 1 1461 3035 9  (D 0,1,1) (S 11,1,10) (S 22,10,11) (S 88,11,2) (S 13,2,3) (S 67,37,38) (S 34,18,19) (S 30,15,16) (D 0,1,1)
0 1 2 1434 2844 8  (D 0,1,1) (S 58,32,44) (S 78,42,43) (S 54,30,31) (S 35,19,20) (S 53,29,42) (S 85,52,53) (D 0,1,1)
0 1 3 1432 2222 7  (D 0,1,1) (S 19,6,7) (S 92,25,24) (S 44,24,37) (S 68,37,49) (S 10,50,50) (D 0,1,1)
0 1 4 1423 2541 6  (D 0,1,1) (S 16,4,5) (S 66,36,49) (S 82,48,49) (S 26,12,13) (D 0,1,1)
0 1 5 1457 2351 7  (D 0,1,1) (S 28,13,20) (S 59,33,34) (S 62,34,46) (S 81,46,47) (S 42,23,24) (D 0,1,1)
0 1 6 1468 2602 7  (D 0,1,1) (S 64,36,37) (S 97,49,50) (S 70,38,50) (S 94,40,26) (S 6,33,33) (D 0,1,1)
