7544
9
457835500
1062698900
0 1 1 149 760 9  (D 0,1,1) (S 88,110,112) (S 91,113,114) (S 10,122,122) (S 18,133,133) (S 4,135,135) (S 8,130,130) (S 19,116,116) (D 0,1,1)
0 1 2 146 759 8  (D 0,1,1) (S 20,129,129) (S 98,126,130) (S 173,130,126) (S 172,126,124) (S 97,124,126) (S 90,112,113) (D 0,1,1)
0 1 3 149 684 6  (D 0,1,1) (S 84,107,108) (S 85,108,109) (S 157,106,105) (S 156,105,104) (D 0,1,1)
0 1 4 149 905 12  (D 0,1,1) (S 166,114,113) (S 151,87,86) (S 7,86,86) (S 75,85,86) (S 150,86,85) (S 149,85,84) (S 11,83,83) (S 16,92,92) (S 63,67,69) (S 76,86,87) (D 0,1,1)
0 1 5 148 633 10  (D 0,1,1) (S 169,117,2) (S 94,2,117) (S 168,117,116) (S 167,116,1) (S 92,1,116) (S 93,116,117) (S 95,117,119) (S 25,119,119) (D 0,1,1)
0 1 6 149 619 6  (D 0,1,1) (S 164,112,107) (S 160,109,108) (S 159,108,107) (S 86,107,110) (D 0,1,1)
0 1 7 145 1339 11  (D 0,1,1) (S 13,95,95) (S 77,95,96) (S 152,96,95) (S 78,96,97) (S 153,97,96) (S 154,98,97) (S 79,97,98) (S 29,8,11) (S 12,30,30) (D 0,1,1)
0 1 8 150 1428 12  (D 0,1,1) (S 59,64,65) (S 134,65,64) (S 133,64,63) (S 132,63,62) (S 14,62,62) (S 57,62,63) (S 81,104,105) (S 9,21,21) (S 66,72,73) (S 138,69,67) (D 0,1,1)
0 1 9 150 417 11  (D 0,1,1) (S 1,110,110) (S 161,110,107) (S 158,107,106) (S 82,105,106) (S 83,106,107) (S 89,107,112) (S 163,112,110) (S 162,111,110) (S 87,110,111) (D 0,1,1)
