587
6
10506300
13910000
0 1 1 40 115 8  (D 0,1,1) (S 29,10,11) (S 44,11,10) (S 34,10,20) (S 14,20,20) (S 28,9,3) (S 43,3,1) (D 0,1,1)
0 1 2 39 112 7  (D 0,1,1) (S 17,23,23) (S 18,24,24) (S 40,24,21) (S 27,21,15) (S 11,15,15) (D 0,1,1)
0 1 3 40 128 8  (D 0,1,1) (S 12,16,16) (S 35,17,13) (S 36,16,12) (S 9,12,12) (S 39,11,5) (S 41,15,21) (D 0,1,1)
0 1 4 34 99 7  (D 0,1,1) (S 3,4,4) (S 19,1,2) (S 20,19,22) (S 16,22,22) (S 2,3,3) (D 0,1,1)
0 1 5 40 133 7  (D 0,1,1) (S 8,9,9) (S 21,9,10) (S 4,5,5) (S 30,5,11) (S 6,7,7) (D 0,1,1)
0 1 6 7 0 3  (D 0,1,1) (S 1,2,2) (D 0,1,1)
