12535
9
2459944900
3105634200
0 1 1 234 1644 12  (D 0,1,1) (S 67,25,27) (S 292,27,11) (S 96,48,49) (S 104,56,57) (S 200,57,56) (S 211,65,64) (S 115,64,65) (S 199,56,55) (S 42,51,51) (S 149,95,96) (D 0,1,1)
0 1 2 235 1347 12  (D 0,1,1) (S 60,12,20) (S 74,11,33) (S 90,44,45) (S 129,74,76) (S 224,76,75) (S 128,75,76) (S 225,76,74) (S 222,74,73) (S 25,45,45) (S 87,42,43) (D 0,1,1)
0 1 3 231 1172 12  (D 0,1,1) (S 73,29,33) (S 109,60,61) (S 206,61,59) (S 202,59,58) (S 293,70,58) (S 197,58,70) (S 120,69,70) (S 24,70,70) (S 121,70,71) (S 218,71,69) (D 0,1,1)
0 1 4 235 1522 11  (D 0,1,1) (S 55,11,12) (S 77,35,36) (S 7,36,36) (S 80,36,38) (S 82,39,40) (S 83,40,41) (S 85,41,47) (S 92,42,47) (S 20,95,95) (D 0,1,1)
0 1 5 234 1509 14  (D 0,1,1) (S 76,34,35) (S 84,38,41) (S 10,41,41) (S 81,38,39) (S 32,38,38) (S 14,39,39) (S 79,36,37) (S 88,37,43) (S 131,46,77) (S 93,46,47) (S 91,34,45) (S 19,120,120) (D 0,1,1)
0 1 6 235 1450 11  (D 0,1,1) (S 30,8,8) (S 17,7,7) (S 51,5,6) (S 52,6,8) (S 53,8,9) (S 54,8,11) (S 196,11,27) (S 70,28,30) (S 112,57,62) (D 0,1,1)
0 1 7 235 1527 15  (D 0,1,1) (S 5,48,48) (S 97,48,50) (S 98,50,51) (S 99,52,53) (S 100,53,140) (S 291,140,54) (S 195,54,140) (S 290,140,55) (S 194,55,140) (S 103,55,56) (S 43,49,49) (S 160,106,108) (S 48,44,44) (D 0,1,1)
0 1 8 162 563 11  (D 0,1,1) (S 64,23,24) (S 69,28,29) (S 68,27,28) (S 38,28,28) (S 33,30,30) (S 36,24,24) (S 62,20,22) (S 8,20,20) (S 1,21,21) (D 0,1,1)
0 1 9 234 1801 13  (D 0,1,1) (S 56,12,13) (S 57,13,14) (S 40,14,14) (S 59,10,19) (S 58,13,16) (S 6,13,13) (S 172,117,118) (S 9,87,87) (S 135,79,81) (S 232,81,80) (S 269,119,117) (D 0,1,1)
