21967
8
117083200
537347900
0 1 1 1613 2722 7  (D 0,1,1) (S 49,50,50) (S 80,81,81) (S 79,80,80) (S 78,79,79) (S 68,69,69) (D 0,1,1)
0 1 2 1631 2641 7  (D 0,1,1) (S 34,35,35) (S 76,77,77) (S 77,78,78) (S 67,68,68) (S 57,58,58) (D 0,1,1)
0 1 3 1622 2869 8  (D 0,1,1) (S 7,7,7) (S 8,8,8) (S 9,9,9) (S 18,19,19) (S 19,20,20) (S 59,60,60) (D 0,1,1)
0 1 4 1623 2612 8  (D 0,1,1) (S 32,33,33) (S 52,53,53) (S 72,73,73) (S 85,86,86) (S 86,87,87) (S 54,55,55) (D 0,1,1)
0 1 5 1629 3137 8  (D 0,1,1) (S 33,34,34) (S 53,54,54) (S 74,75,75) (S 71,72,72) (S 84,85,85) (S 62,63,63) (D 0,1,1)
0 1 6 1641 2822 9  (D 0,1,1) (S 20,21,21) (S 21,22,22) (S 35,36,36) (S 36,37,37) (S 37,38,38) (S 46,47,47) (S 30,31,31) (D 0,1,1)
0 1 7 1595 2620 9  (D 0,1,1) (S 11,12,12) (S 73,74,74) (S 43,44,44) (S 65,66,66) (S 55,56,56) (S 44,45,45) (S 31,32,32) (D 0,1,1)
0 1 8 1624 2544 9  (D 0,1,1) (S 1,1,1) (S 12,13,13) (S 13,14,14) (S 15,16,16) (S 14,15,15) (S 90,91,91) (S 3,3,3) (D 0,1,1)
