594
6
10114800
14061500
0 1 1 39 140 7  (D 0,1,1) (S 24,10,20) (S 19,20,21) (S 38,24,21) (S 29,24,23) (S 25,23,22) (D 0,1,1)
0 1 2 40 106 7  (D 0,1,1) (S 37,1,3) (S 20,9,10) (S 14,23,23) (S 11,20,20) (S 26,21,15) (D 0,1,1)
0 1 3 39 132 8  (D 0,1,1) (S 4,5,5) (S 33,5,11) (S 32,11,10) (S 43,10,11) (S 27,11,5) (S 42,13,17) (D 0,1,1)
0 1 4 40 154 6  (D 0,1,1) (S 10,19,19) (S 13,22,22) (S 6,7,7) (S 30,15,21) (D 0,1,1)
0 1 5 37 62 7  (D 0,1,1) (S 2,3,3) (S 7,9,9) (S 40,9,3) (S 16,3,4) (S 3,4,4) (D 0,1,1)
0 1 6 7 0 3  (D 0,1,1) (S 1,2,2) (D 0,1,1)
