491
6
14921000
17213400
0 1 1 26 94 8  (D 0,1,1) (S 13,1,8) (S 33,8,4) (S 30,4,5) (S 48,8,9) (S 34,9,4) (S 14,1,9) (D 0,1,1)
0 1 2 27 108 10  (D 0,1,1) (S 12,1,7) (S 17,3,2) (S 22,2,9) (S 31,4,6) (S 43,6,9) (S 2,9,9) (S 21,8,2) (S 24,3,4) (D 0,1,1)
0 1 3 27 80 6  (D 0,1,1) (S 19,5,2) (S 32,4,7) (S 47,7,11) (S 11,1,6) (D 0,1,1)
0 1 4 25 76 8  (D 0,1,1) (S 25,5,3) (S 27,3,9) (S 50,9,11) (S 36,11,4) (S 38,8,5) (S 10,5,1) (D 0,1,1)
0 1 5 27 70 7  (D 0,1,1) (S 3,8,8) (S 18,2,4) (S 42,8,6) (S 41,6,7) (S 26,7,3) (D 0,1,1)
0 1 6 27 63 8  (D 0,1,1) (S 1,5,5) (S 6,10,10) (S 8,3,1) (S 16,1,11) (S 5,11,11) (S 35,4,10) (D 0,1,1)
