23953
9
955291200
1496305000
0 1 1 1738 2427 8  (D 0,1,1) (S 71,1,2) (S 113,45,36) (S 8,26,26) (S 14,37,37) (S 9,27,27) (S 99,28,29) (D 0,1,1)
0 1 2 1482 2232 9  (D 0,1,1) (S 4,12,12) (S 79,12,11) (S 62,11,33) (S 12,33,33) (S 104,33,32) (S 100,31,20) (S 91,20,30) (D 0,1,1)
0 1 3 1757 2921 11  (D 0,1,1) (S 94,23,24) (S 7,24,24) (S 96,25,26) (S 84,17,5) (S 85,17,27) (S 73,4,16) (S 83,16,4) (S 64,57,67) (S 197,107,94) (D 0,1,1)
0 1 4 1752 3117 10  (D 0,1,1) (S 20,49,49) (S 155,71,70) (S 168,84,73) (S 33,73,73) (S 126,50,51) (S 90,20,8) (S 13,34,34) (S 143,60,72) (D 0,1,1)
0 1 5 1217 2040 8  (D 0,1,1) (S 17,46,46) (S 122,49,39) (S 108,39,29) (S 10,29,29) (S 86,18,6) (S 101,31,21) (D 0,1,1)
0 1 6 1754 2503 8  (D 0,1,1) (S 3,7,7) (S 102,31,30) (S 89,19,18) (S 87,18,19) (S 88,19,7) (S 74,5,6) (D 0,1,1)
0 1 7 1757 2800 8  (D 0,1,1) (S 19,48,48) (S 156,71,82) (S 179,95,94) (S 178,94,107) (S 70,110,111) (S 55,117,117) (D 0,1,1)
0 1 8 1753 2961 9  (D 0,1,1) (S 81,14,24) (S 95,24,25) (S 97,27,38) (S 93,23,13) (S 1,2,2) (S 165,81,70) (S 26,62,62) (D 0,1,1)
0 1 9 1755 2952 9  (D 0,1,1) (S 6,23,23) (S 119,47,48) (S 140,59,68) (S 152,68,79) (S 65,75,87) (S 112,43,44) (S 98,28,27) (D 0,1,1)
