19453
6
22708267900
247202358400
0 1 1 1969 3284 20  (D 0,1,1) (S 63,63,63) (S 579,595,596) (S 372,340,367) (S 374,10,381) (S 6,6,6) (S 10,10,10) (S 360,367,368) (S 361,368,296) (S 296,296,296) (S 379,29,385) (S 378,29,384) (S 29,29,29) (S 28,28,28) (S 18,18,18) (S 17,17,17) (S 445,64,420) (S 420,420,43) (S 422,360,422) (D 0,1,1)
0 1 2 1779 2741 17  (D 0,1,1) (S 352,358,359) (S 460,454,461) (S 455,442,454) (S 456,454,455) (S 404,358,281) (S 446,410,447) (S 459,442,460) (S 441,281,442) (S 281,281,281) (S 403,410,358) (S 348,352,354) (S 458,458,459) (S 288,288,288) (S 284,284,284) (S 62,62,62) (D 0,1,1)
0 1 3 1969 5331 17  (D 0,1,1) (S 50,50,50) (S 512,529,511) (S 499,512,513) (S 552,512,569) (S 554,569,570) (S 553,569,513) (S 500,513,514) (S 319,319,319) (S 103,103,103) (S 689,724,235) (S 591,606,551) (S 99,99,99) (S 400,407,408) (S 359,366,8) (S 19,19,19) (D 0,1,1)
0 1 4 1948 2526 6  (D 0,1,1) (S 343,346,347) (S 461,462,463) (S 68,68,68) (S 69,69,69) (D 0,1,1)
0 1 5 1993 3215 14  (D 0,1,1) (S 273,273,273) (S 391,273,396) (S 617,470,639) (S 429,431,429) (S 616,637,638) (S 308,308,308) (S 614,634,635) (S 124,124,124) (S 464,429,396) (S 496,508,509) (S 380,386,387) (S 291,291,291) (D 0,1,1)
0 1 6 1384 2356 15  (D 0,1,1) (S 344,348,349) (S 419,349,419) (S 432,45,348) (S 382,389,279) (S 384,390,364) (S 357,364,365) (S 12,12,12) (S 279,279,279) (S 59,59,59) (S 45,45,45) (S 356,356,7) (S 4,4,4) (S 3,3,3) (D 0,1,1)
