739
6
108110600
157705400
0 1 1 70 132 10  (D 0,1,1) (S 24,30,30) (S 81,39,47) (S 58,47,39) (S 31,39,39) (S 88,47,40) (S 96,32,31) (S 26,32,32) (S 94,2,3) (D 0,1,1)
0 1 2 69 123 12  (D 0,1,1) (S 53,3,6) (S 5,6,6) (S 6,7,7) (S 10,11,11) (S 76,11,6) (S 70,11,12) (S 11,12,12) (S 75,19,32) (S 48,32,40) (S 25,31,31) (D 0,1,1)
0 1 3 70 168 14  (D 0,1,1) (S 12,13,13) (S 101,13,8) (S 7,8,8) (S 98,20,25) (S 60,25,33) (S 54,33,41) (S 32,41,41) (S 27,33,33) (S 83,26,25) (S 18,22,22) (S 71,36,38) (S 50,26,34) (D 0,1,1)
0 1 4 68 126 10  (D 0,1,1) (S 40,5,10) (S 16,17,17) (S 93,31,39) (S 55,30,38) (S 36,46,46) (S 23,29,29) (S 63,30,39) (S 30,38,38) (D 0,1,1)
0 1 5 52 96 12  (D 0,1,1) (S 15,16,16) (S 90,16,15) (S 79,15,16) (S 89,16,1) (S 78,1,16) (S 51,17,18) (S 67,18,19) (S 3,4,4) (S 2,3,3) (S 1,2,2) (D 0,1,1)
0 1 6 58 94 10  (D 0,1,1) (S 9,10,10) (S 86,10,17) (S 52,17,24) (S 84,29,23) (S 87,23,15) (S 14,15,15) (S 4,5,5) (S 102,5,6) (D 0,1,1)
