5938
6
112828700
246885200
0 1 1 186 855 10  (D 0,1,1) (S 45,25,75) (S 37,18,19) (S 105,76,77) (S 34,13,77) (S 5,13,13) (S 32,13,16) (S 12,16,16) (S 76,52,53) (D 0,1,1)
0 1 2 187 1058 9  (D 0,1,1) (S 57,32,35) (S 64,35,41) (S 18,41,41) (S 63,35,39) (S 16,37,37) (S 60,37,38) (S 91,62,66) (D 0,1,1)
0 1 3 190 1043 12  (D 0,1,1) (S 44,24,25) (S 78,24,53) (S 77,52,54) (S 40,19,21) (S 106,21,51) (S 38,19,20) (S 11,76,76) (S 79,19,50) (S 74,50,52) (S 94,59,69) (D 0,1,1)
0 1 4 185 810 8  (D 0,1,1) (S 54,31,32) (S 58,33,36) (S 56,32,34) (S 13,34,34) (S 47,23,26) (S 48,26,27) (D 0,1,1)
0 1 5 189 1089 12  (D 0,1,1) (S 49,26,28) (S 50,28,29) (S 51,25,29) (S 6,29,29) (S 46,25,26) (S 102,23,75) (S 20,24,24) (S 42,22,75) (S 7,75,75) (S 25,5,6) (D 0,1,1)
0 1 6 188 1083 10  (D 0,1,1) (S 1,27,27) (S 53,23,31) (S 52,30,31) (S 2,31,31) (S 3,42,42) (S 8,50,50) (S 17,43,43) (S 62,39,40) (D 0,1,1)
