52148
9
18779746800
241755968000
0 1 1 3984 7845 28  (D 0,1,1) (S 65,65,65) (S 556,571,541) (S 572,586,588) (S 311,311,311) (S 571,586,587) (S 557,541,492) (S 482,491,492) (S 570,572,585) (S 558,492,572) (S 525,541,542) (S 379,29,385) (S 378,29,384) (S 29,29,29) (S 28,28,28) (S 371,19,20) (S 388,20,393) (S 387,393,394) (S 389,393,385) (S 390,385,395) (S 376,23,368) (S 23,23,23) (S 315,315,315) (S 374,10,381) (S 615,147,636) (S 19,19,19) (S 15,15,15) (D 0,1,1)
0 1 2 3762 5931 36  (D 0,1,1) (S 345,349,350) (S 447,285,27) (S 377,27,383) (S 285,285,285) (S 448,27,417) (S 449,417,448) (S 444,445,446) (S 430,432,264) (S 351,356,357) (S 356,356,7) (S 7,7,7) (S 264,264,264) (S 431,264,389) (S 383,279,390) (S 45,45,45) (S 375,348,382) (S 336,267,67) (S 67,67,67) (S 267,267,267) (S 22,22,22) (S 78,78,78) (S 70,70,70) (S 266,266,266) (S 56,56,56) (S 344,348,349) (S 419,349,419) (S 432,45,348) (S 382,389,279) (S 384,390,364) (S 357,364,365) (S 12,12,12) (S 279,279,279) (S 59,59,59) (S 82,82,82) (D 0,1,1)
0 1 3 3978 5883 28  (D 0,1,1) (S 27,27,27) (S 415,417,41) (S 454,452,453) (S 286,286,286) (S 275,275,275) (S 450,275,287) (S 423,423,44) (S 44,44,44) (S 54,54,54) (S 424,21,424) (S 611,80,631) (S 80,80,80) (S 21,21,21) (S 265,265,265) (S 503,494,517) (S 504,518,519) (S 297,297,297) (S 484,494,495) (S 527,517,544) (S 524,539,540) (S 523,519,539) (S 505,519,520) (S 566,539,581) (S 120,120,120) (S 75,75,75) (S 268,268,268) (D 0,1,1)
0 1 4 3881 5724 41  (D 0,1,1) (S 41,41,41) (S 442,443,444) (S 398,403,404) (S 416,404,418) (S 417,418,287) (S 418,287,386) (S 453,4,451) (S 402,355,38) (S 599,89,615) (S 89,89,89) (S 87,87,87) (S 140,140,140) (S 287,287,287) (S 440,38,441) (S 483,93,493) (S 561,93,575) (S 526,484,543) (S 529,108,545) (S 303,303,303) (S 530,545,302) (S 399,405,406) (S 462,464,465) (S 77,77,77) (S 107,107,107) (S 478,484,485) (S 88,88,88) (S 476,482,483) (S 477,483,87) (S 577,486,593) (S 479,486,305) (S 480,487,488) (S 481,489,490) (S 567,302,582) (S 302,302,302) (S 110,110,110) (S 108,108,108) (S 93,93,93) (S 76,76,76) (S 38,38,38) (D 0,1,1)
0 1 5 3999 8795 25  (D 0,1,1) (S 145,145,145) (S 95,95,95) (S 488,499,500) (S 517,501,535) (S 519,535,537) (S 518,535,536) (S 489,501,502) (S 546,562,502) (S 555,501,497) (S 547,502,563) (S 551,567,568) (S 549,564,565) (S 609,629,630) (S 548,563,564) (S 94,94,94) (S 259,259,259) (S 174,174,174) (S 158,158,158) (S 234,234,234) (S 241,241,241) (S 118,118,118) (S 125,125,125) (S 126,126,126) (D 0,1,1)
0 1 6 3908 5087 20  (D 0,1,1) (S 343,346,347) (S 461,462,463) (S 68,68,68) (S 421,421,360) (S 353,360,361) (S 69,69,69) (S 40,40,40) (S 60,60,60) (S 61,61,61) (S 346,351,352) (S 457,456,457) (S 47,47,47) (S 49,49,49) (S 278,278,278) (S 435,435,48) (S 276,276,276) (S 48,48,48) (S 11,11,11) (D 0,1,1)
0 1 7 3340 4793 27  (D 0,1,1) (S 39,39,39) (S 407,39,412) (S 409,40,402) (S 434,433,434) (S 433,433,402) (S 397,35,402) (S 396,401,35) (S 439,439,440) (S 272,272,272) (S 443,272,51) (S 51,51,51) (S 263,263,263) (S 401,401,409) (S 496,508,509) (S 73,73,73) (S 71,71,71) (S 273,273,273) (S 391,273,396) (S 617,470,639) (S 429,431,429) (S 616,637,638) (S 308,308,308) (S 614,634,635) (S 124,124,124) (S 1,1,1) (D 0,1,1)
0 1 8 3748 4734 21  (D 0,1,1) (S 347,352,353) (S 406,346,411) (S 408,412,40) (S 464,429,396) (S 559,508,431) (S 467,468,470) (S 468,471,472) (S 466,468,469) (S 282,282,282) (S 74,74,74) (S 72,72,72) (S 427,428,429) (S 426,427,428) (S 428,428,430) (S 469,473,425) (S 425,425,426) (S 55,55,55) (S 291,291,291) (S 35,35,35) (D 0,1,1)
0 1 9 2451 3356 15  (D 0,1,1) (S 405,353,346) (S 413,39,416) (S 414,415,376) (S 411,375,414) (S 410,413,375) (S 368,375,376) (S 437,16,437) (S 16,16,16) (S 348,352,354) (S 458,458,459) (S 288,288,288) (S 284,284,284) (S 62,62,62) (D 0,1,1)
