1257
8
5098121100
5155507100
0 1 1 78 189 11  (D 0,1,1) (S 9,44,44) (S 127,44,50) (S 33,38,38) (S 124,43,45) (S 30,42,42) (S 182,32,24) (S 3,26,26) (S 18,14,14) (S 196,32,31) (D 0,1,1)
0 1 2 64 187 12  (D 0,1,1) (S 130,47,48) (S 131,48,49) (S 223,49,44) (S 126,44,49) (S 218,49,41) (S 120,41,48) (S 229,50,49) (S 76,20,21) (S 20,5,5) (S 13,19,19) (D 0,1,1)
0 1 3 69 182 12  (D 0,1,1) (S 5,33,33) (S 103,33,34) (S 200,34,33) (S 105,33,40) (S 205,40,34) (S 108,34,40) (S 96,29,33) (S 58,11,12) (S 142,11,5) (S 180,31,23) (D 0,1,1)
0 1 4 74 157 12  (D 0,1,1) (S 117,40,41) (S 207,41,35) (S 32,35,35) (S 111,36,37) (S 113,37,38) (S 192,38,28) (S 183,28,25) (S 29,28,28) (S 94,28,32) (S 28,31,31) (D 0,1,1)
0 1 5 67 157 11  (D 0,1,1) (S 189,35,27) (S 93,27,36) (S 212,43,38) (S 115,38,43) (S 211,43,37) (S 198,37,32) (S 101,32,37) (S 208,37,36) (S 98,30,34) (D 0,1,1)
0 1 6 64 143 11  (D 0,1,1) (S 109,35,36) (S 112,36,42) (S 209,42,36) (S 190,36,27) (S 160,21,13) (S 146,13,6) (S 48,6,12) (S 155,12,11) (S 59,11,19) (D 0,1,1)
0 1 7 59 135 10  (D 0,1,1) (S 203,46,33) (S 193,33,29) (S 97,29,39) (S 201,39,33) (S 106,33,46) (S 226,47,46) (S 129,46,47) (S 1,46,46) (D 0,1,1)
0 1 8 53 107 10  (D 0,1,1) (S 17,48,48) (S 217,48,41) (S 119,41,42) (S 216,42,41) (S 214,41,40) (S 202,40,33) (S 104,33,39) (S 11,39,39) (D 0,1,1)
