610
6
52093700
81420500
0 1 1 64 121 14  (D 0,1,1) (S 42,3,7) (S 29,18,22) (S 82,21,22) (S 52,21,20) (S 14,20,20) (S 26,20,23) (S 15,23,23) (S 74,24,21) (S 67,21,24) (S 38,24,25) (S 81,22,21) (S 25,22,25) (D 0,1,1)
0 1 2 64 110 10  (D 0,1,1) (S 6,8,8) (S 30,8,14) (S 32,14,15) (S 68,15,9) (S 50,9,10) (S 60,1,11) (S 8,11,11) (S 11,16,16) (D 0,1,1)
0 1 3 63 103 11  (D 0,1,1) (S 9,12,12) (S 43,12,6) (S 28,12,17) (S 12,17,17) (S 13,18,18) (S 33,18,19) (S 46,18,13) (S 10,13,13) (S 72,13,18) (D 0,1,1)
0 1 4 58 123 11  (D 0,1,1) (S 55,2,6) (S 4,6,6) (S 36,1,35) (S 41,35,36) (S 73,37,36) (S 56,37,3) (S 59,3,4) (S 2,4,4) (S 70,5,39) (D 0,1,1)
0 1 5 47 90 7  (D 0,1,1) (S 16,26,26) (S 76,26,33) (S 40,33,34) (S 21,35,35) (S 20,34,34) (D 0,1,1)
0 1 6 31 63 7  (D 0,1,1) (S 31,2,36) (S 78,1,40) (S 39,1,6) (S 51,6,7) (S 5,7,7) (D 0,1,1)
