415
6
12373700
21606800
0 1 1 26 64 6  (D 0,1,1) (S 26,1,27) (S 23,24,27) (S 9,26,26) (S 4,8,8) (D 0,1,1)
0 1 2 25 59 6  (D 0,1,1) (S 6,14,14) (S 44,14,18) (S 41,18,25) (S 40,12,19) (D 0,1,1)
0 1 3 25 58 7  (D 0,1,1) (S 10,1,3) (S 36,3,6) (S 24,7,11) (S 5,10,10) (S 20,4,12) (D 0,1,1)
0 1 4 27 63 7  (D 0,1,1) (S 33,4,5) (S 22,4,6) (S 45,6,8) (S 2,4,4) (S 29,4,19) (D 0,1,1)
0 1 5 25 86 7  (D 0,1,1) (S 19,1,19) (S 42,1,17) (S 31,1,24) (S 30,1,15) (S 17,3,4) (D 0,1,1)
0 1 6 27 85 8  (D 0,1,1) (S 11,2,12) (S 43,12,13) (S 14,13,14) (S 13,14,20) (S 1,2,2) (S 32,20,21) (D 0,1,1)
