641
7
36031400
48538000
0 1 1 49 102 8  (D 0,1,1) (S 7,10,10) (S 58,17,11) (S 43,11,12) (S 55,12,18) (S 13,18,18) (S 9,12,12) (D 0,1,1)
0 1 2 49 95 9  (D 0,1,1) (S 49,30,29) (S 21,29,29) (S 34,29,31) (S 33,28,31) (S 53,28,26) (S 19,26,26) (S 20,27,27) (D 0,1,1)
0 1 3 49 88 10  (D 0,1,1) (S 32,1,31) (S 17,24,24) (S 16,23,23) (S 29,23,25) (S 18,25,25) (S 45,23,26) (S 24,26,27) (S 22,31,31) (D 0,1,1)
0 1 4 44 81 7  (D 0,1,1) (S 28,2,8) (S 27,8,12) (S 57,12,11) (S 8,11,11) (S 4,5,5) (D 0,1,1)
0 1 5 48 101 8  (D 0,1,1) (S 37,2,1) (S 5,7,7) (S 36,7,6) (S 61,6,5) (S 39,5,31) (S 40,14,15) (D 0,1,1)
0 1 6 49 115 9  (D 0,1,1) (S 1,2,2) (S 23,8,9) (S 6,9,9) (S 50,9,4) (S 3,4,4) (S 60,18,19) (S 25,13,19) (D 0,1,1)
0 1 7 38 59 7  (D 0,1,1) (S 2,3,3) (S 48,3,2) (S 56,1,30) (S 41,30,1) (S 44,1,2) (D 0,1,1)
