18674
6
438094700
580796700
0 1 1 1643 2935 7  (D 0,1,1) (S 35,68,68) (S 164,68,56) (S 109,42,41) (S 142,56,42) (S 107,41,55) (D 0,1,1)
0 1 2 1634 3107 10  (D 0,1,1) (S 21,41,41) (S 108,41,56) (S 22,42,42) (S 111,43,69) (S 165,69,56) (S 105,41,40) (S 12,21,21) (S 135,53,54) (D 0,1,1)
0 1 3 1648 2886 10  (D 0,1,1) (S 4,6,6) (S 66,21,20) (S 65,20,35) (S 91,34,18) (S 60,18,17) (S 88,32,33) (S 92,34,48) (S 64,20,19) (D 0,1,1)
0 1 4 1636 3603 12  (D 0,1,1) (S 18,37,37) (S 98,38,52) (S 29,53,53) (S 141,55,67) (S 27,51,51) (S 148,61,49) (S 124,49,35) (S 53,13,14) (S 67,21,37) (S 57,16,1) (D 0,1,1)
0 1 5 1630 2755 9  (D 0,1,1) (S 1,1,1) (S 39,2,17) (S 89,32,59) (S 146,59,60) (S 38,2,3) (S 41,3,18) (S 81,27,26) (D 0,1,1)
0 1 6 1635 3388 10  (D 0,1,1) (S 37,1,2) (S 59,17,16) (S 58,16,32) (S 90,33,34) (S 10,18,18) (S 13,24,24) (S 63,20,5) (S 166,69,68) (D 0,1,1)
