4898
6
128487800
751511600
0 1 1 149 996 8  (D 0,1,1) (S 57,34,139) (S 43,8,9) (S 28,10,10) (S 15,11,11) (S 5,5,5) (S 46,12,13) (D 0,1,1)
0 1 2 149 823 9  (D 0,1,1) (S 62,37,43) (S 63,43,44) (S 64,44,45) (S 11,61,61) (S 6,49,49) (S 16,42,42) (S 22,62,62) (D 0,1,1)
0 1 3 141 515 8  (D 0,1,1) (S 13,80,80) (S 87,80,82) (S 25,92,92) (S 88,82,84) (S 26,84,84) (S 9,82,82) (D 0,1,1)
0 1 4 150 946 11  (D 0,1,1) (S 83,46,77) (S 84,77,78) (S 37,78,78) (S 85,78,79) (S 86,79,80) (S 35,76,76) (S 18,46,46) (S 71,55,56) (S 54,28,30) (D 0,1,1)
0 1 5 150 999 9  (D 0,1,1) (S 1,36,36) (S 59,36,38) (S 61,39,40) (S 60,38,39) (S 4,38,38) (S 99,107,108) (S 90,85,86) (D 0,1,1)
0 1 6 147 619 8  (D 0,1,1) (S 58,36,37) (S 10,37,37) (S 33,43,43) (S 66,43,46) (S 23,88,88) (S 81,72,73) (D 0,1,1)
