1322
8
443852100
497398900
0 1 1 64 162 11  (D 0,1,1) (S 77,20,21) (S 80,21,27) (S 93,27,35) (S 165,36,27) (S 151,27,21) (S 135,21,13) (S 123,13,7) (S 52,7,13) (S 132,13,12) (D 0,1,1)
0 1 2 73 199 11  (D 0,1,1) (S 88,26,29) (S 145,29,18) (S 118,18,5) (S 47,5,18) (S 74,18,29) (S 98,29,39) (S 22,40,47) (S 107,33,46) (S 11,34,35) (D 0,1,1)
0 1 3 74 162 11  (D 0,1,1) (S 131,19,11) (S 66,14,22) (S 82,22,31) (S 163,31,27) (S 155,31,23) (S 139,23,15) (S 68,15,23) (S 5,23,23) (S 67,15,16) (D 0,1,1)
0 1 4 61 145 10  (D 0,1,1) (S 91,27,30) (S 162,30,27) (S 92,27,31) (S 153,31,22) (S 150,22,21) (S 148,21,20) (S 133,20,12) (S 61,12,13) (D 0,1,1)
0 1 5 66 138 12  (D 0,1,1) (S 59,11,12) (S 121,13,6) (S 50,6,13) (S 125,14,8) (S 122,8,7) (S 112,7,2) (S 51,7,8) (S 54,8,14) (S 134,14,13) (S 63,13,14) (D 0,1,1)
0 1 6 59 128 10  (D 0,1,1) (S 75,19,20) (S 78,20,30) (S 177,40,33) (S 105,33,39) (S 169,39,29) (S 159,29,26) (S 147,26,19) (S 76,19,26) (D 0,1,1)
0 1 7 73 201 13  (D 0,1,1) (S 90,26,34) (S 161,34,26) (S 175,34,33) (S 104,33,34) (S 170,34,30) (S 99,30,34) (S 12,34,40) (S 21,40,41) (S 84,23,31) (S 64,13,21) (S 43,3,9) (D 0,1,1)
0 1 8 74 187 11  (D 0,1,1) (S 60,11,19) (S 144,26,18) (S 73,18,26) (S 149,30,20) (S 146,20,19) (S 160,30,26) (S 55,9,10) (S 7,5,5) (S 130,12,11) (D 0,1,1)
