15320
9
623951400
667304900
0 1 1 1536 2070 5  (D 0,1,1) (S 71,38,39) (S 90,48,49) (S 39,20,29) (D 0,1,1)
0 1 2 1236 1950 6  (D 0,1,1) (S 9,3,4) (S 100,10,11) (S 26,13,14) (S 33,16,25) (D 0,1,1)
0 1 3 1170 1805 6  (D 0,1,1) (S 23,11,20) (S 102,19,20) (S 104,26,27) (S 94,51,52) (D 0,1,1)
0 1 4 1156 1710 5  (D 0,1,1) (S 28,14,15) (S 105,27,18) (S 34,17,18) (D 0,1,1)
0 1 5 1059 1681 5  (D 0,1,1) (S 21,10,19) (S 48,25,26) (S 31,15,24) (D 0,1,1)
0 1 6 964 1600 5  (D 0,1,1) (S 78,42,49) (S 3,25,25) (S 5,1,2) (D 0,1,1)
0 1 7 1097 1553 5  (D 0,1,1) (S 15,5,12) (S 107,37,38) (S 75,40,41) (D 0,1,1)
0 1 8 1043 1536 6  (D 0,1,1) (S 10,3,10) (S 22,10,20) (S 57,30,31) (S 12,4,11) (D 0,1,1)
0 1 9 984 1415 5  (D 0,1,1) (S 18,8,15) (S 16,6,13) (S 42,22,31) (D 0,1,1)
